64 r 536934208 0
64 r 536440768 37
64 r 536440832 39
64 r 536934272 44
64 r 536440896 89
64 r 536440960 127
64 r 536441024 165
64 r 536441088 203
64 r 536441152 241
64 r 536441216 279
64 r 536441280 317
64 r 536441344 355
64 r 536441408 393
64 r 1073751680 434
64 r 1073757952 467
64 r 537055680 470
64 r 537055744 503
64 r 536986816 543
64 r 536986880 576
64 r 1073757376 611
64 r 536980672 613
64 r 536985024 660
64 r 1073753536 695
64 r 536984512 704
64 r 1073746752 729
64 r 1073746816 729
64 r 1073746880 730
64 r 536984576 736
64 r 1073743680 771
64 r 1073753472 771
64 r 536981120 807
64 r 536981184 840
64 r 536440704 876
64 r 536981376 885
64 r 536981440 921
64 r 537023168 972
64 r 537023232 1004
64 r 536440640 1040
64 r 536968960 1050
64 r 1073752896 1092
64 r 536969024 1097
64 r 1073753280 1132
64 r 536968448 1133
64 r 536968512 1174
64 r 1073742208 1176
64 r 1073757312 1177
64 r 536968896 1211
64 r 1073753216 1246
64 r 536969152 1247
64 r 536440576 1284
64 r 536969216 1288
64 r 537020480 1324
64 r 537020544 1357
64 r 1073748608 1392
64 r 536969280 1395
64 r 536969344 1428
64 r 1073743424 1463
64 r 1073753152 1467
64 r 1073742272 1467
64 r 536975872 1483
64 r 536440512 1520
64 r 536975936 1523
64 r 536976576 1570
64 r 536976000 1574
64 r 536976064 1610
64 r 536977408 1646
64 r 536955264 1689
64 r 536955328 1722
64 r 1073743616 1725
64 r 536440448 1726
64 r 536984000 1761
64 r 536977472 1795
64 r 1073757632 1838
64 r 536977536 1840
64 r 1073757888 1877
64 r 536977600 1881
64 r 536977856 1924
64 r 536977920 1964
64 r 536440384 1966
64 r 536978048 2003
64 r 536978112 2035
64 r 1073753024 2076
64 r 537020224 2088
64 r 536978176 2137
64 r 536978816 2174
64 r 536978240 2186
64 r 1073752960 2187
64 r 536978304 2190
64 r 536978368 2229
64 r 1073755008 2242
64 r 537020608 2244
64 r 1073746304 2276
64 r 536954496 2317
64 r 536954560 2350
64 r 536982720 2388
64 r 536982784 2429
64 r 1073743488 2430
64 r 536982848 2475
64 r 537020672 2530
64 r 537036800 2539
64 r 537036864 2581
64 r 536954688 2635
64 r 1073743808 2671
64 r 536982912 2707
64 r 537020736 2751
64 r 536978560 2796
64 r 536978624 2829
64 r 536978688 2861
64 r 1073757568 2896
64 r 1073753088 2907
64 r 536978752 2909
64 r 1073783808 2951
64 r 536976640 2952
64 r 536976704 2992
64 r 536440320 2994
64 r 536976832 3033
64 r 536977216 3070
64 r 536977280 3102
64 r 536979392 3138
64 r 536979456 3171
64 r 536979520 3178
64 r 536902592 3225
64 r 536978880 3258
64 r 536977728 3300
64 r 536976128 3345
64 r 536976192 3389
64 r 536976256 3442
64 r 536976384 3449
64 r 536978944 3491
64 r 536976448 3529
64 r 536976512 3584
64 r 1073785856 3621
64 r 536979584 3669
64 r 536979648 3708
64 r 536979712 3740
64 r 536979776 3780
64 r 536969408 3848
64 r 536969472 3892
64 r 536969088 3961
64 r 537023296 4012
64 r 537037440 4056
64 r 537037504 4106
64 r 537037568 4143
64 r 1073783872 4148
64 r 1073783936 4189
64 r 1073784000 4194
64 r 1073784064 4199
64 r 1073784128 4204
64 r 1073784192 4209
64 r 1073784256 4214
64 r 1073784320 4219
64 r 1073784384 4224
64 r 1073784448 4229
64 r 1073784512 4234
64 r 1073784576 4239
64 r 1073784640 4244
64 r 1073784704 4249
64 r 1073784768 4254
64 r 1073784832 4259
64 r 1073784896 4264
64 r 1073784960 4269
64 r 1073785024 4274
64 r 1073785088 4279
64 r 1073785152 4284
64 r 1073785216 4289
64 r 1073785280 4294
64 r 1073785344 4299
64 r 1073785408 4304
64 r 1073785472 4309
64 r 1073785536 4314
64 r 1073785600 4319
64 r 1073785664 4324
64 r 1073785728 4329
64 r 1073785792 4334
64 r 536981504 4377
64 r 1073787904 4547
64 r 1073785920 4637
64 r 1073785984 4642
64 r 1073786048 4647
64 r 1073786112 4652
64 r 1073786176 4657
64 r 1073786240 4662
64 r 1073786304 4667
64 r 1073786368 4672
64 r 1073786432 4677
64 r 1073786496 4682
64 r 1073786560 4687
64 r 1073786624 4692
64 r 1073786688 4697
64 r 1073786752 4702
64 r 1073786816 4707
64 r 1073786880 4712
64 r 1073786944 4717
64 r 1073787008 4722
64 r 1073787072 4727
64 r 1073787136 4732
64 r 1073787200 4737
64 r 1073787264 4742
64 r 1073787328 4747
64 r 1073787392 4752
64 r 1073787456 4757
64 r 1073787520 4762
64 r 1073787584 4767
64 r 1073787648 4772
64 r 1073787712 4777
64 r 1073787776 4782
64 r 1073787840 4787
64 r 1073743552 4827
64 r 536981568 4831
64 r 536981632 4875
64 r 536981696 4916
64 r 1073758016 4919
64 r 536984704 4970
64 r 536986944 5037
64 r 536934336 5086
64 r 1073741824 5122
64 r 536934464 5158
64 r 536934528 5200
64 r 1073751872 5203
64 r 536872000 5203
64 r 536871936 5236
64 r 536940992 5244
64 r 536941056 5277
64 r 1073752000 5279
64 r 536941120 5319
64 r 536885504 5321
64 r 536941504 5364
64 r 536887744 5400
64 r 536941568 5405
64 r 536885568 5406
64 r 536884928 5442
64 r 536941632 5447
64 r 536941696 5489
64 r 536884992 5490
64 r 536885056 5524
64 r 536941760 5531
64 r 536941824 5573
64 r 536941888 5615
64 r 536941952 5657
64 r 536881408 5659
64 r 536884800 5692
64 r 536942016 5699
64 r 536942080 5741
64 r 536934592 5775
64 r 536951744 5811
64 r 536951808 5851
64 r 1073752384 5854
64 r 536951872 5896
64 r 1073744064 5931
64 r 536951936 5998
64 r 536992192 6035
64 r 536438656 6071
64 r 536992256 6104
64 r 536438720 6105
64 r 536438784 6108
64 r 537025920 6150
64 r 1073757440 6185
64 r 536992320 6189
64 r 536925952 6218
64 r 536438848 6252
64 r 536992384 6255
64 r 536992448 6303
64 r 536992512 6345
64 r 536992576 6404
64 r 536992640 6452
64 r 536992704 6500
64 r 536992768 6589
64 r 537016768 6625
64 r 537016832 6677
64 r 536440064 6680
64 r 536993536 6735
64 r 536993600 6780
64 r 536993664 6822
64 r 536993792 6826
64 r 536993856 6867
64 r 536993984 6874
64 r 536994048 6907
64 r 1073754176 6943
64 r 536904448 6977
64 r 536996928 7014
64 r 536996992 7055
64 r 536997056 7099
64 r 537027520 7135
64 r 537027584 7168
64 r 537027648 7208
64 r 537026624 7251
64 r 537026688 7284
64 r 536438592 7288
64 r 536439296 7319
64 r 537026752 7326
64 r 537026816 7370
64 r 1073755392 7372
64 r 537026880 7410
64 r 537027136 7452
64 r 537027200 7490
64 r 537027264 7522
64 r 537038144 7558
64 r 537038208 7598
64 r 537038272 7643
64 r 537028928 7680
64 r 537028992 7712
64 r 1073755456 7715
64 r 537029056 7753
64 r 536913664 7757
64 r 537029184 7791
64 r 537029120 7839
64 r 536913280 7841
64 r 536913920 7841
64 r 536913792 7842
64 r 536913472 7874
64 r 537038336 7917
64 r 537038400 7959
64 r 537038464 7997
64 r 537038528 8038
64 r 537038592 8080
64 r 537038656 8177
64 r 537038720 8214
64 r 537027328 8309
64 r 537028032 8346
64 r 537028160 8383
64 r 537028224 8420
64 r 537028096 8484
64 r 537027712 8525
64 r 536999040 8563
64 r 536999104 8599
64 r 536999168 8646
64 r 536999296 8686
64 r 536999744 8722
64 r 536999808 8774
64 r 536439680 8810
64 r 536999872 8816
64 r 1073754304 8868
64 r 536999936 8872
64 r 537000000 8913
64 r 1073757504 8914
64 r 536927808 8947
64 r 536906176 8980
64 r 537000064 9013
64 r 537000128 9045
64 r 537000192 9097
64 r 537000256 9141
64 r 537000320 9188
64 r 537000384 9229
64 r 537000448 9275
64 r 537000512 9320
64 r 537000576 9363
64 r 537000640 9412
64 r 537000704 9459
64 r 537000768 9501
64 r 536994752 9544
64 r 536994816 9585
64 r 537005312 9625
64 r 537005376 9657
64 r 537016896 9716
64 r 537017024 9756
64 r 537017088 9797
64 r 537016960 9843
64 r 537005440 9894
64 r 537006336 9990
64 r 537006464 10030
64 r 537006528 10062
64 r 537006592 10108
64 r 537025216 10144
64 r 537025280 10184
64 r 537025344 10239
64 r 536990464 10276
64 r 536990592 10320
64 r 536990784 10362
64 r 536438464 10398
64 r 536990848 10402
64 r 536955392 10445
64 r 536438400 10449
64 r 1073746688 10512
64 r 536991104 10513
64 r 537024960 10550
64 r 1073755200 10585
64 r 537037824 10593
64 r 537025024 10647
64 r 536991168 10691
64 r 536955456 10728
64 r 536955520 10760
64 r 536984128 10800
64 r 536991232 10851
64 r 536990656 10895
64 r 536990720 10936
64 r 537025408 10978
64 r 537025536 11019
64 r 537025600 11051
64 r 1073770304 11124
64 r 537025664 11135
64 r 537025728 11189
64 r 537025792 11221
64 r 537037888 11262
64 r 537037952 11313
64 r 537038016 11369
64 r 536990144 11424
64 r 536438528 11462
64 r 536990208 11465
64 r 536990272 11513
64 r 536990336 11565
64 r 537024512 11602
64 r 537024576 11642
64 r 537024640 11678
64 r 1073755136 11713
64 r 537037696 11715
64 r 537024704 11763
64 r 536990400 11808
64 r 537025856 11841
64 r 537006656 11906
64 r 537007744 11953
64 r 537007808 11986
64 r 536952000 12031
64 r 536952064 12092
64 r 536982976 12097
64 r 536983040 12147
64 r 536886720 12266
64 r 536884672 12363
64 r 536934656 12413
64 r 537038784 12955
64 r 536999360 13080
64 r 536999424 13121
64 r 536999488 13165
64 r 536999552 13214
64 r 536999616 13254
64 r 536999680 13307
64 r 537017152 13650
64 r 536880832 14133
64 r 536934720 14179
64 r 1073741888 14290
64 r 536904512 15524
64 r 537001024 15561
64 r 537001088 15594
64 r 537001152 15638
64 r 537001216 15643
64 r 537027904 15685
64 r 537027968 15731
64 r 537001280 15773
64 r 537025472 15981
64 r 536953472 16204
64 r 536953536 16237
64 r 536926208 16274
64 r 536926272 16280
64 r 536953600 16286
64 r 536909056 16314
64 r 536953664 16332
64 r 536953728 16374
64 r 536953792 16411
64 r 536934784 16445
64 r 1073757184 16547
64 r 536934848 18174
64 r 536952128 18216
64 r 536952192 18258
64 r 536952256 18300
64 r 536952320 18345
64 r 536952384 18381
64 r 536952448 18420
64 r 536952512 18464
64 r 536952576 18501
64 r 536952832 18650
64 r 536952896 18682
64 r 536953024 18718
64 r 536953088 18757
64 r 537012544 18806
64 r 537012608 18870
64 r 537012672 18954
64 r 537012736 18996
64 r 537012800 19050
64 r 537012864 19101
64 r 536953152 19135
64 r 536953216 19180
64 r 536953408 19225
64 r 1073741952 20620
64 r 536934912 20943
64 r 536934976 22301
64 r 536935040 22448
64 r 536997120 22630
64 r 536997184 22674
64 r 537027392 22726
64 r 537027456 22764
64 r 536997248 22994
64 r 536997312 23047
64 r 536997376 23099
64 r 536997504 23145
64 r 536997568 23177
64 r 536995136 24123
64 r 536995200 24166
64 r 536995264 24210
64 r 536995328 24252
64 r 536995392 24301
64 r 536996032 24337
64 r 536996096 24380
64 r 536905216 24383
64 r 536996160 24422
64 r 536904896 24427
64 r 536904832 24473
64 r 536996352 24476
64 r 536996416 24508
64 r 536996480 24546
64 r 536996672 24582
64 r 536996736 24615
64 r 536997440 25078
64 r 536944384 25709
64 r 1073752064 25744
64 r 536944448 25750
64 r 536885312 25777
64 r 536944512 25795
64 r 536885120 25797
64 r 536944576 25837
64 r 536884352 25873
64 r 536944640 25879
64 r 536881152 25880
64 r 536944704 25921
64 r 536944768 25966
64 r 536935104 27093
64 r 536882048 27172
64 r 536883456 27173
64 r 536945152 28308
64 r 536945216 28348
64 r 536945280 28393
64 r 536946048 28431
64 r 536946112 28471
64 r 536872320 28473
64 r 536946176 28513
64 r 536946240 28555
64 r 536895680 28556
64 r 536946304 28597
64 r 536935168 28638
64 r 1073757248 28790
64 r 536935808 29626
64 r 536935872 29658
64 r 536935936 29700
64 r 536936000 29745
64 r 536937152 29751
64 r 536937216 29791
64 r 536875136 29826
64 r 536875072 29827
64 r 536873024 29828
64 r 536937280 29833
64 r 536874624 29870
64 r 536937344 29875
64 r 536937408 29919
64 r 536935232 29953
64 r 1073742016 30116
64 r 536888960 31097
64 r 536889024 31133
64 r 536882368 31198
64 r 536935296 31237
64 r 536939264 32766
64 r 536939328 32799
64 r 1073751936 32801
64 r 536939392 32841
64 r 536939456 32883
64 r 536881088 32919
64 r 536939520 32925
64 r 536939584 32967
64 r 536935360 33000
64 r 536940096 35074
64 r 536940160 35115
64 r 536889792 35118
64 r 536940224 35157
64 r 536940544 35193
64 r 536940608 35225
64 r 536890048 35228
64 r 536890112 35260
64 r 536893440 35261
64 r 536940672 35293
64 r 536940736 35335
64 r 536935424 35377
64 r 1073742080 35504
64 r 536938304 37470
64 r 536938368 37511
64 r 536876224 37513
64 r 536938432 37553
64 r 536938496 37595
64 r 536938560 37637
64 r 536876480 37638
64 r 536877376 37639
64 r 536876352 37672
64 r 536877696 37672
64 r 536879744 37673
64 r 536938624 37679
64 r 536938688 37721
64 r 536938752 37763
64 r 536935488 37797
64 r 536943360 37833
64 r 536943424 37873
64 r 536943488 37915
64 r 536943552 37957
64 r 536943616 37999
64 r 536943680 38041
64 r 536879424 38042
64 r 536943744 38083
64 r 536943808 38125
64 r 537000832 39235
64 r 536903808 39272
64 r 537001472 39326
64 r 537001536 39358
64 r 537001600 39402
64 r 537001920 39449
64 r 537001984 39481
64 r 537002048 39526
64 r 537002304 39562
64 r 537002624 39605
64 r 537002688 39638
64 r 537003520 39645
64 r 537003584 39726
64 r 537004288 39762
64 r 537004352 39799
64 r 537004608 39803
64 r 537004672 39836
64 r 537004992 39846
64 r 536935552 41325
64 r 536993728 41513
64 r 536904640 41577
64 r 536904256 41623
64 r 536994176 41660
64 r 536994240 41701
64 r 536994304 41743
64 r 536994368 41776
64 r 536994432 41824
64 r 536994624 41869
64 r 536904128 41917
64 r 537001664 42364
64 r 1073742144 42557
64 r 536904576 43056
64 r 537005056 43655
64 r 536935616 44086
64 r 536952640 45224
64 r 536952704 45269
64 r 536952768 45314
64 r 536913856 45454
64 r 536913344 45457
64 r 536935680 45583
64 r 536940032 45620
64 r 536935744 45661
64 r 536913408 45910
64 r 536997632 46104
64 r 536997696 46141
64 r 536997760 46173
64 r 536997824 46217
64 r 536997888 46259
64 r 536997952 46263
64 r 536998272 46303
64 r 536998336 46336
64 r 536998400 46378
64 r 536998464 46420
64 r 536998656 46478
64 r 536998720 46510
64 r 536998784 46556
64 r 536998848 46601
64 r 536909248 46606
64 r 536998912 46646
64 r 536998976 46679
64 r 537000896 46985
64 r 536934400 48163
64 r 536951296 48199
64 r 536951360 48232
64 r 1073752320 48267
64 r 1073746112 48300
64 r 1073746048 48301
64 r 536951424 48358
64 r 536987200 48400
64 r 1073753984 48435
64 r 536987264 48443
64 r 536987328 48475
64 r 1073753920 48478
64 r 537055808 48543
64 r 536951488 48576
64 r 536987392 48585
64 r 536980160 48623
64 r 536987456 48637
64 r 1073754112 48674
64 r 1073743936 48715
64 r 1073744000 48717
64 r 536987520 48764
64 r 1073743744 48767
64 r 1073747584 48800
64 r 1073747648 48800
64 r 536983104 48803
64 r 536987584 48871
64 r 536954624 48913
64 r 536987648 48996
64 r 536987840 49038
64 r 536987904 49071
64 r 536987968 49138
64 r 536988032 49174
64 r 536988544 49225
64 r 536988608 49266
64 r 536988864 49271
64 r 536989120 49316
64 r 1073754048 49351
64 r 536989184 49366
64 r 536989248 49400
64 r 536988096 49442
64 r 537024768 49484
64 r 537024896 49530
64 r 537037760 49566
64 r 536988160 49633
64 r 536971264 49670
64 r 536988224 49682
64 r 536988288 49748
64 r 536951552 49816
64 r 536987712 49821
64 r 536988928 49930
64 r 536988992 49986
64 r 536989056 50032
64 r 1073744128 50165
64 r 1073746944 50322
64 r 1073747008 50364
64 r 1073747072 50367
64 r 1073747136 50400
64 r 1073747200 50403
64 r 1073747264 50436
64 r 1073747328 50472
64 r 1073747392 50475
64 r 1073747456 50508
64 r 1073747520 50511
64 r 536987776 50554
64 r 536980288 50609
64 r 536980352 50642
64 r 536980416 50685
64 r 536951616 50765
64 r 536987008 50817
64 r 536984640 50870
64 r 536981056 50910
64 r 536984768 50954
64 r 536951680 50977
64 r 536984832 51012
64 r 536979968 51058
64 r 536980032 51103
64 r 537016320 51139
64 r 537016384 51172
64 r 537016448 51221
64 r 536980096 51263
64 r 536987072 51300
64 r 536981760 51355
64 r 536981824 51403
64 r 536981888 51410
64 r 536981952 51458
64 r 536987136 51498
64 r 536971328 51595
64 r 536970688 51631
64 r 536970752 51671
64 r 536971200 51678
64 r 536971392 51724
64 r 536982016 51758
64 r 536970816 51825
64 r 536971456 51848
64 r 536976768 51952
64 r 536976896 52037
64 r 536971520 52098
64 r 536971648 52139
64 r 536980544 52225
64 r 536980608 52257
